6 15 20 25 37 43 45 60 65 73 109 150 151 153 161 168 169 197 216 244 252 266 287 301 314 321 330 335 337 359 366 385 396 409 415 
427 432 442 443 452 470 477 487 497 500 501 504 511 520 522 527 536 537 544 545 551 553 555 557 562 564 595 606 613 621 631 655 
672 673 674 686 703 712 714 716 747 756 765 769 771 786 788 805 810 823 825 829 850 874 900 902 911 913 915 924 951 954 969 970 
981 998 1009 1011 1051 1076 1077 1082 1094 1095 1097 1107 1109 1117 1120 1136 1160 1166 1171 1185 1191 1196 1201 1217 1222 1236 
1255 1305 1312 1347 1348 1357 1361 1368 1370 1390 1397 1414 1456 1468 1486 1533 1535 1552 1561 1569 1573 1586 1613 1624 1634 1665 
1671 1682 1690 1694 1717 1719 1731 1742 1752 1759 1778 1783 1803 1804 1805 1809 1812 1826 1846 1850 1872 1885 1889 1894 1910 1914 
1917 1920 1936 1941 1973 1975 1984 1988 1996 2011 2022 2044 2046 2051 2075 2076 2093 2095 2096 2103 2104 2107 2121 2149 2150 2155 
2159 2161 2163 2170 2177 2186 2194 2196 2199 2205 2207 2211 2220 2222 2229 2245 2248 2250 2254 2256 2276 2298 2301 2343 2377 2380 
2381 2388 2412 2414 2420 2435 2448 2471 2493 2512 2535 2540 2544 2547 2565 2592 2597 2598 2608 2614 2617 2620 2633 2643 2657 2675 
2677 2680 2691 2692 2706 2711 2716 2722 2734 2739 2742 2744 2746 2753 2758 2767 2780 2797 2799 2804 2834 2839 2841 2851 2853 2855
2857 2868 2890 2893 2894 2907 2921 2963 2968 2973 2982 3005 3037 3054 3057 3058 3079 3087 3100 3113 3114 3124 3127 3148 3149 3154
3155 3173 3186 3191 3198 3206 3221 3237 3253 3258 3265 3268 3270 3289 3291 3299 3311 3327 3335 3342 3347 3361 3362 3364 3375 3387
3396 3398 3403 3411 3416 3419 3424 3429 3434 3443 3465 3485 3516 3517 3523 3525 3535 3551 3553 3556 3562 3577 3582 3583 3593 3601
3613 3614 3623 3630 3634 3637 3644 3645 3656 3658 3664 3675 3697 3711 3721 3726 3728 3742 3746 3758 3780 3790 3810 3824 3840 3844
3846 3865 3887 3892 3900 3902 3907 3912 3914 3915 3934 3950 3957 3974 3983 4006 4016 4046 4049 4054 4057 4061 4080 4087 4094 4098
4149 4172 4174 4175 4187 4196 4209 4221 4232 4236 4246 4273 4278 4282 4283 4332 4333 4338 4350 4352 4378 4380 4388 4395 4398 4401
4403 4410 4421 4443 4452 4479 4485 4506 4508 4518 4529 4546 4557 4568 4571 4612 4620 4622 4640 4641 4646 4666 4673 4714 4718 4721
4747 4757 4770 4790 4796 4805 4817 4823 4831 4834 4841 4842 4852 4867 4876 4878 4898 4917 4922 4964 4965 4983 4988 5001 5003 5009
5028 5044 5052 5060 5064 5073 5074 5100 5119 5122 5127 5138 5139 5147 5155 5158 5182 5197 5199 5203 5204 5207 5215 5222 5234 5236
5239 5245 5253 5260 5262 5266 5313 5316 5323 5324 5335 5354 5355 5358 5370 5376 5397 5399 5409 5432 5434 5442 5445 5477 5485 5489
5502 5507 5530 5540 5546 5586 5601 5603 5606 5637 5638 5643 5644 5645 5661 5662 5673 5674 5686 5696 5704 5707 5712 5733 5736 5754
5763 5767 5769 5776 5817 5823 5832 5848 5853 5859 5877 5879 5892 5893 5904 5918 5925 5927 5935 5951 5958 5965 5979 6019 6026 6045
6077 6090 6140 6155 6182 6187 6195 6200 6216 6237 6239 6241 6260 6264 6268 6278 6286 6291 6306 6318 6333 6335 6355 6367 6370 6381
6399 6413 6414 6419 6427 6433 6444 6470 6480 6490 6511 6512 6544 6549 6551 6573 6576 6591 6592 6599 6620 6622 6629 6642 6645 6668
6686 6704 6711 6713 6715 6723 6728 6734 6736 6740 6753 6775 6779 6780 6784 6797 6800 6802 6812 6817 6835 6841 6842 6843 6848 6850
6853 6854 6869 6873 6876 6901 6928 6930 6934 6960 6973 6975 6980 7004 7032 7043 7049 7058 7073 7102 7138 7170 7176 7183 7192 7193
7202 7211 7214 7236 7239 7252 7253 7258 7296 7313 7326 7328 7350 7351 7356 7357 7362 7365 7367 7375 7381 7388 7395 7438 7441 7449
7452 7456 7457 7459 7462 7477 7483 7489 7490 7492 7516 7529 7535 7538 7542 7548 7554 7568 7574 7575 7586 7587 7606 7612 7620 7628
7632 7634 7658 7662 7673 7677 7689 7709 7719 7720 7734 7736 7739 7748 7766 7772 7780 7788 7793 7801 7803 7811 7829 7831 7841 7863
7864 7866 7875 7877 7893 7895 7929 7946 7974 7983 7993 8007 8017 8019 8023 8032 8037 8050 8052 8055 8058 8069 8073 8088 8128 8132
8136 8138 8145 8148 8173 8175 8199 8202 8214 8219 8233 8259 8266 8269 8273 8278 8296 8301 8308 8322 8326 8351 8374 8384 8391 8394
8400 8415 8420 8422 8435 8448 8505 8508 8510 8529 8540 8549 8550 8559 8563 8566 8577 8578 8579 8586 8590 8600 8616 8636 8640 8650
8651 8659 8673 8676 8681 8708 8712 8725 8734 8746 8769 8792 8796 8802 8806 8817 8821 8836 8838 8847 8860 8864 8873 8902 8905 8907
8920 8934 8938 8944 8952 8965 8968 8971 8973 8999 9003 9007 9041 9058 9062 9063 9067 9072 9084 9089 9103 9106 9113 9134 9139 9149
9153 9160 9166 9168 9185 9189 9198 9199 9208 9211 9221 9227 9230 9238 9244 9247 9251 9252 9264 9272 9295 9311 9327 9333 9346 9356
9362 9375 9379 9381 9391 9394 9397 9409 9433 9437 9476 9479 9495 9499 9500 9535 9538 9551 9554 9555 9565 9583 9585 9589 9614 9623
9631 9634 9643 9650 9654 9672 9677 9679 9700 9719 9721 9729 9733 9734 9752 9764 9766 9767 9768 9771 9772 9774 9776 9794 9798 9805
9815 9817 9827 9844 9872 9873 9874 9879 9912 9928 9929 9930 9935 9942 9976 9988 9999